FileIndex	Filename	Ch1	Ch2	Ch3	Ch4	Ch5	Ch6	Ch7	Ch8
1	record_20260824_122229.wav	10.7	94.2	93.4	102.6	68.0	14.1	1.0	1.0
2	record_20260824_122330.wav	8.8	94.2	95.4	102.4	68.1	12.3	1.0	1.0
3	record_20260824_122432.wav	8.6	79.7	84.9	94.2	62.6	11.9	1.0	1.0
4	record_20260824_122532.wav	10.5	63.1	68.9	78.2	48.0	12.3	1.0	1.0
5	record_20260824_122633.wav	78.8	176.1	174.9	191.4	142.7	82.3	1.0	1.0
6	record_20260824_122733.wav	10.2	135.5	138.5	157.5	86.8	13.3	1.0	1.0
7	record_20260824_122834.wav	11.9	171.4	163.0	185.3	102.4	26.4	1.0	1.0
8	record_20260824_122935.wav	8.1	209.8	210.9	237.6	134.0	11.2	1.0	1.0
9	record_20260824_123035.wav	8.3	279.9	295.6	332.1	175.6	11.7	1.0	1.0
10	record_20260824_123136.wav	10.8	329.1	343.7	383.3	203.0	12.2	1.0	1.0
11	record_20260824_123237.wav	78.0	397.9	400.4	443.0	270.6	80.5	1.0	1.0
12	record_20260824_123338.wav	119.0	34.2	1.0	1.0	29.7	174.5	174.9	191.9
13	record_20260824_123438.wav	7.4	45.4	47.9	50.5	35.7	10.1	1.0	1.0
14	record_20260824_123539.wav	57.9	91.0	90.5	93.9	79.6	59.5	1.0	1.0
15	record_20260824_123639.wav	8.8	46.9	44.1	45.8	35.6	12.2	1.0	1.0
16	record_20260824_123741.wav	17.3	41.6	40.0	44.0	32.9	12.1	1.0	1.0
17	record_20260824_123842.wav	48.8	80.5	78.7	80.5	67.9	50.1	1.0	1.0
18	record_20260824_123942.wav	20.7	58.2	58.2	62.0	46.1	21.9	1.0	1.0
19	record_20260824_124042.wav	17.0	41.3	41.9	44.7	31.6	11.8	1.0	1.0
20	record_20260824_124142.wav	8.7	42.5	41.7	49.8	39.7	12.1	1.0	1.0
21	record_20260824_124244.wav	12.8	47.1	50.9	51.8	34.2	12.2	1.0	1.0
22	record_20260824_124345.wav	8.5	81.7	85.9	87.5	59.6	11.8	1.0	1.0
23	record_20260824_124445.wav	7.0	146.8	164.6	181.4	98.4	9.7	1.0	1.0
